10000100,'225.0.10',645,,61,,,0,70,,60,,,0,15,,59,,,0,15,,58,,,0,55,,57,,,0,15,,56,,,0,15,,55,,,0,15,,54,,,0,55,,53,,,0,15,,52,,,0,15,,51,,,0,15,,50,,,0,55,,49,,,0,15,,48,,,0,15,,47,,,0,15,,46,,,0,55,,45,,,0,15,,44,,,0,15,,43,,,0,15,,42,,,0,55,,41,,,0,15,,40,,,0,15,,39,,,0,15,,38,,,0,55,,37,,,0,15,,36,,,0,15,,35,,,0,15,,34,,,0,55,,33,,,0,15,,32,,,0,15,,31,,,0,15,,30,,,0,55,,29,,,0,15,,28,,,0,15,,27,,,0,15,,26,,,0,55,,25,,,0,15,,24,,,0,15,,23,,,0,15,,22,,,0,55,,21,,,0,15,,20,,,0,15,,19,,,0,15,,18,,,0,55,,17,,,0,15,,16,,,0,15,,15,,,0,15,,14,,,0,55,,13,,,0,15,,12,,,0,15,,11,,,0,15,,10,,,0,55,,9,,,0,15,,8,,,0,30,,7,,,0,70,,6,,,0,30,,5,,,0,70,,4,,,0,30,,3,,,0,70,,2,,,0,30,,1,,,0,70,,62,,,0,30,,63,,,0,70,,64,,,0,30,,65,,,0
10000100,'225.0.5',645,,126,,,0,70,,125,,,0,15,,124,,,0,15,,123,,,0,55,,122,,,0,15,,121,,,0,15,,120,,,0,15,,119,,,0,55,,118,,,0,15,,117,,,0,15,,116,,,0,15,,115,,,0,55,,114,,,0,15,,113,,,0,15,,112,,,0,15,,111,,,0,55,,110,,,0,15,,109,,,0,15,,108,,,0,15,,107,,,0,55,,106,,,0,15,,105,,,0,15,,104,,,0,15,,103,,,0,55,,102,,,0,15,,101,,,0,15,,100,,,0,15,,99,,,0,55,,98,,,0,15,,97,,,0,15,,96,,,0,15,,95,,,0,55,,94,,,0,15,,93,,,0,15,,92,,,0,15,,91,,,0,55,,90,,,0,15,,89,,,0,15,,88,,,0,15,,87,,,0,55,,86,,,0,15,,85,,,0,15,,84,,,0,15,,83,,,0,55,,82,,,0,15,,81,,,0,15,,80,,,0,15,,79,,,0,55,,78,,,0,15,,77,,,0,15,,76,,,0,15,,75,,,0,55,,74,,,0,15,,73,,,0,30,,72,,,0,70,,71,,,0,30,,70,,,0,70,,69,,,0,30,,68,,,0,70,,67,,,0,30,,66,,,0
10000100,'225.0.6',645,,161,,,0,70,,160,,,0,30,,159,,,0,70,,158,,,0,30,,157,,,0,70,,156,,,0,30,,155,,,0,70,,154,,,0,30,,153,,,0,70,,152,,,0,30,,151,,,0,70,,150,,,0,30,,149,,,0,70,,148,,,0,30,,147,,,0,70,,146,,,0,30,,145,,,0,70,,144,,,0,30,,143,,,0,70,,142,,,0,30,,141,,,0,70,,140,,,0,30,,139,,,0,70,,138,,,0,30,,137,,,0,70,,136,,,0,30,,135,,,0,70,,134,,,0,30,,133,,,0,70,,132,,,0,30,,131,,,0,70,,130,,,0,30,,129,,,0,70,,128,,,0,30,,127,,,0
10000100,'225.0.7',645,,196,,,0,70,,195,,,0,30,,194,,,0,70,,193,,,0,30,,192,,,0,70,,191,,,0,30,,190,,,0,70,,189,,,0,30,,188,,,0,70,,187,,,0,30,,186,,,0,70,,185,,,0,30,,184,,,0,70,,183,,,0,30,,182,,,0,70,,181,,,0,30,,180,,,0,70,,179,,,0,30,,178,,,0,70,,177,,,0,30,,176,,,0,70,,175,,,0,30,,174,,,0,70,,173,,,0,30,,172,,,0,70,,171,,,0,30,,170,,,0,70,,169,,,0,30,,168,,,0,70,,167,,,0,30,,166,,,0,70,,165,,,0,30,,164,,,0,70,,163,,,0,30,,162,,,0
10000100,'225.0.8',745,,229,,,0,70,,228,,,0,30,,227,,,0,70,,226,,,0,30,,225,,,0,70,,224,,,0,30,,223,,,0,70,,222,,,0,30,,221,,,0,70,,220,,,0,30,,219,,,0,70,,218,,,0,30,,217,,,0,70,,216,,,0,30,,215,,,0,70,,214,,,0,30,,213,,,0,70,,212,,,0,30,,211,,,0,70,,210,,,0,30,,209,,,0,70,,208,,,0,30,,207,,,0,70,,206,,,0,30,,205,,,0,70,,204,,,0,30,,203,,,0,70,,202,,,0,30,,201,,,0,70,,200,,,0,30,,199,,,0,70,,198,,,0,30,,197,,,0
10000101,'225.0.10',642,,290,4,,0,70,,289,4,,0,15,,288,4,,0,15,,287,4,,0,15,,286,4,,0,55,,285,4,,0,15,,284,4,,0,15,,283,4,,0,15,,282,4,,0,55,,281,4,,0,15,,280,4,,0,15,,279,4,,0,15,,278,4,,0,55,,277,4,,0,15,,276,4,,0,15,,275,4,,0,15,,274,4,,0,55,,273,4,,0,15,,272,4,,0,15,,271,4,,0,15,,270,4,,0,55,,269,4,,0,15,,268,4,,0,15,,267,4,,0,15,,266,4,,0,55,,265,4,,0,15,,264,4,,0,15,,263,4,,0,15,,262,4,,0,55,,261,4,,0,15,,260,4,,0,15,,259,4,,0,15,,258,4,,0,55,,257,4,,0,15,,256,4,,0,15,,255,4,,0,15,,254,4,,0,55,,253,4,,0,15,,252,4,,0,15,,251,4,,0,15,,250,4,,0,55,,249,4,,0,15,,248,4,,0,15,,247,4,,0,15,,246,4,,0,55,,245,4,,0,15,,244,4,,0,15,,243,4,,0,15,,242,4,,0,55,,241,4,,0,15,,240,4,,0,15,,239,4,,0,15,,238,4,,0,55,,237,4,,0,30,,236,4,,0,70,,235,4,,0,30,,234,4,,0,70,,233,4,,0,30,,232,4,,0,70,,231,4,,0,30,,230,4,,0,70,,291,4,,0,30,,292,4,,0,70,,293,4,,0,30,,294,4,,0
10000101,'225.0.5',642,,355,4,,0,70,,354,4,,0,15,,353,4,,0,15,,352,4,,0,15,,351,4,,0,55,,350,4,,0,15,,349,4,,0,15,,348,4,,0,15,,347,4,,0,55,,346,4,,0,15,,345,4,,0,15,,344,4,,0,15,,343,4,,0,55,,342,4,,0,15,,341,4,,0,15,,340,4,,0,15,,339,4,,0,55,,338,4,,0,15,,337,4,,0,15,,336,4,,0,15,,335,4,,0,55,,334,4,,0,15,,333,4,,0,15,,332,4,,0,15,,331,4,,0,55,,330,4,,0,15,,329,4,,0,15,,328,4,,0,15,,327,4,,0,55,,326,4,,0,15,,325,4,,0,15,,324,4,,0,15,,323,4,,0,55,,322,4,,0,15,,321,4,,0,15,,320,4,,0,15,,319,4,,0,55,,318,4,,0,15,,317,4,,0,15,,316,4,,0,15,,315,4,,0,55,,314,4,,0,15,,313,4,,0,15,,312,4,,0,15,,311,4,,0,55,,310,4,,0,15,,309,4,,0,15,,308,4,,0,15,,307,4,,0,55,,306,4,,0,15,,305,4,,0,15,,304,4,,0,15,,303,4,,0,55,,302,4,,0,30,,301,4,,0,70,,300,4,,0,30,,299,4,,0,70,,298,4,,0,30,,297,4,,0,70,,296,4,,0,30,,295,4,,0
10000101,'225.0.6',642,,390,4,,0,70,,389,4,,0,30,,388,4,,0,70,,387,4,,0,30,,386,4,,0,70,,385,4,,0,30,,384,4,,0,70,,383,4,,0,30,,382,4,,0,70,,381,4,,0,30,,380,4,,0,70,,379,4,,0,30,,378,4,,0,70,,377,4,,0,30,,376,4,,0,70,,375,4,,0,30,,374,4,,0,70,,373,4,,0,30,,372,4,,0,70,,371,4,,0,30,,370,4,,0,70,,369,4,,0,30,,368,4,,0,70,,367,4,,0,30,,366,4,,0,70,,365,4,,0,30,,364,4,,0,70,,363,4,,0,30,,362,4,,0,70,,361,4,,0,30,,360,4,,0,70,,359,4,,0,30,,358,4,,0,70,,357,4,,0,30,,356,4,,0
10000101,'225.0.7',642,,425,4,,0,70,,424,4,,0,30,,423,4,,0,70,,422,4,,0,30,,421,4,,0,70,,420,4,,0,30,,419,4,,0,70,,418,4,,0,30,,417,4,,0,70,,416,4,,0,30,,415,4,,0,70,,414,4,,0,30,,413,4,,0,70,,412,4,,0,30,,411,4,,0,70,,410,4,,0,30,,409,4,,0,70,,408,4,,0,30,,407,4,,0,70,,406,4,,0,30,,405,4,,0,70,,404,4,,0,30,,403,4,,0,70,,402,4,,0,30,,401,4,,0,70,,400,4,,0,30,,399,4,,0,70,,398,4,,0,30,,397,4,,0,70,,396,4,,0,30,,395,4,,0,70,,394,4,,0,30,,393,4,,0,70,,392,4,,0,30,,391,4,,0
10000101,'225.0.8',742,,458,4,,0,70,,457,4,,0,30,,456,4,,0,70,,455,4,,0,30,,454,4,,0,70,,453,4,,0,30,,452,4,,0,70,,451,4,,0,30,,450,4,,0,70,,449,4,,0,30,,448,4,,0,70,,447,4,,0,30,,446,4,,0,70,,445,4,,0,30,,444,4,,0,70,,443,4,,0,30,,442,4,,0,70,,441,4,,0,30,,440,4,,0,70,,439,4,,0,30,,438,4,,0,70,,437,4,,0,30,,436,4,,0,70,,435,4,,0,30,,434,4,,0,70,,433,4,,0,30,,432,4,,0,70,,431,4,,0,30,,430,4,,0,70,,429,4,,0,30,,428,4,,0,70,,427,4,,0,30,,426,4,,0
10000200,'225.0.10',652,,459,,,0,55,,460,,,0,15,,461,,,0,15,,462,,,0,15,,463,,,0,55,,464,,,0,15,,465,,,0,15,,466,,,0,15,,467,,,0,55,,468,,,0,15,,469,,,0,15,,470,,,0,15,,471,,,0,70,,472,,,0,30,,473,,,0,70,,474,,,0,30,,475,,,0,70,,476,,,0,30,,477,,,0,70,,478,,,0,30,,479,,,0,70,,480,,,0,30,,481,,,0,55,,482,,,0,15,,483,,,0,15,,484,,,0,15,,485,,,0,55,,486,,,0,15,,487,,,0,15,,488,,,0,15,,489,,,0,55,,490,,,0,15,,491,,,0,15,,492,,,0,15,,493,,,0,55,,494,,,0,15,,495,,,0,30,,496,,,0,70,,497,,,0,30,,498,,,0,70,,499,,,0,30,,500,,,0
10000200,'225.0.5',652,,501,,,0,55,,502,,,0,15,,503,,,0,15,,504,,,0,15,,505,,,0,55,,506,,,0,15,,507,,,0,15,,508,,,0,15,,509,,,0,55,,510,,,0,15,,511,,,0,15,,512,,,0,15,,513,,,0,70,,514,,,0,30,,515,,,0,70,,516,,,0,30,,517,,,0,70,,518,,,0,30,,519,,,0,70,,520,,,0,30,,521,,,0,70,,522,,,0,30,,523,,,0,55,,524,,,0,15,,525,,,0,15,,526,,,0,15,,527,,,0,55,,528,,,0,15,,529,,,0,15,,530,,,0,15,,531,,,0,55,,532,,,0,15,,533,,,0,15,,534,,,0,15,,535,,,0,55,,536,,,0,15,,537,,,0,30,,538,,,0,70,,539,,,0,30,,540,,,0,70,,541,,,0,30,,542,,,0
10000201,'225.0.10',649,,543,4,,0,55,,544,4,,0,15,,545,4,,0,15,,546,4,,0,15,,547,4,,0,55,,548,4,,0,15,,549,4,,0,15,,550,4,,0,15,,551,4,,0,55,,552,4,,0,15,,553,4,,0,15,,554,4,,0,15,,555,4,,0,70,,556,4,,0,30,,557,4,,0,70,,558,4,,0,30,,559,4,,0,70,,560,4,,0,30,,561,4,,0,70,,562,4,,0,30,,563,4,,0,70,,564,4,,0,30,,565,4,,0,55,,566,4,,0,15,,567,4,,0,15,,568,4,,0,15,,569,4,,0,55,,570,4,,0,15,,571,4,,0,15,,572,4,,0,15,,573,4,,0,55,,574,4,,0,15,,575,4,,0,15,,576,4,,0,15,,577,4,,0,55,,578,4,,0,15,,579,4,,0,30,,580,4,,0,70,,581,4,,0,30,,582,4,,0,70,,583,4,,0,30,,584,4,,0
10000201,'225.0.5',649,,585,4,,0,55,,586,4,,0,15,,587,4,,0,15,,588,4,,0,15,,589,4,,0,55,,590,4,,0,15,,591,4,,0,15,,592,4,,0,15,,593,4,,0,55,,594,4,,0,15,,595,4,,0,15,,596,4,,0,15,,597,4,,0,70,,598,4,,0,30,,599,4,,0,70,,600,4,,0,30,,601,4,,0,70,,602,4,,0,30,,603,4,,0,70,,604,4,,0,30,,605,4,,0,70,,606,4,,0,30,,607,4,,0,55,,608,4,,0,15,,609,4,,0,15,,610,4,,0,15,,611,4,,0,55,,612,4,,0,15,,613,4,,0,15,,614,4,,0,15,,615,4,,0,55,,616,4,,0,15,,617,4,,0,15,,618,4,,0,15,,619,4,,0,55,,620,4,,0,15,,621,4,,0,30,,622,4,,0,70,,623,4,,0,30,,624,4,,0,70,,625,4,,0,30,,626,4,,0
