10000100,'225.0.10',657,,61,4,,0,70,,60,4,,0,15,,59,4,,0,15,,58,4,,0,55,,57,4,,0,15,,56,4,,0,15,,55,4,,0,15,,54,4,,0,55,,53,4,,0,15,,52,4,,0,15,,51,4,,0,15,,50,4,,0,55,,49,4,,0,15,,48,4,,0,15,,47,4,,0,15,,46,4,,0,55,,45,4,,0,15,,44,4,,0,15,,43,4,,0,15,,42,4,,0,55,,41,4,,0,15,,40,4,,0,15,,39,4,,0,15,,38,4,,0,55,,37,4,,0,15,,36,4,,0,15,,35,4,,0,15,,34,4,,0,55,,33,4,,0,15,,32,4,,0,15,,31,4,,0,15,,30,4,,0,55,,29,4,,0,15,,28,4,,0,15,,27,4,,0,15,,26,4,,0,55,,25,4,,0,15,,24,4,,0,15,,23,4,,0,15,,22,4,,0,55,,21,4,,0,15,,20,4,,0,15,,19,4,,0,15,,18,4,,0,55,,17,4,,0,15,,16,4,,0,15,,15,4,,0,15,,14,4,,0,55,,13,4,,0,15,,12,4,,0,15,,11,4,,0,15,,10,4,,0,55,,9,4,,0,15,,8,4,,0,30,,7,4,,0,70,,6,4,,0,30,,5,4,,0,70,,4,4,,0,30,,3,4,,0,70,,2,4,,0,30,,1,4,,0,70,,62,4,,0,30,,63,4,,0,70,,64,4,,0,30,,65,4,,0
10000100,'225.0.5',657,,126,4,,0,70,,125,4,,0,15,,124,4,,0,15,,123,4,,0,55,,122,4,,0,15,,121,4,,0,15,,120,4,,0,15,,119,4,,0,55,,118,4,,0,15,,117,4,,0,15,,116,4,,0,15,,115,4,,0,55,,114,4,,0,15,,113,4,,0,15,,112,4,,0,15,,111,4,,0,55,,110,4,,0,15,,109,4,,0,15,,108,4,,0,15,,107,4,,0,55,,106,4,,0,15,,105,4,,0,15,,104,4,,0,15,,103,4,,0,55,,102,4,,0,15,,101,4,,0,15,,100,4,,0,15,,99,4,,0,55,,98,4,,0,15,,97,4,,0,15,,96,4,,0,15,,95,4,,0,55,,94,4,,0,15,,93,4,,0,15,,92,4,,0,15,,91,4,,0,55,,90,4,,0,15,,89,4,,0,15,,88,4,,0,15,,87,4,,0,55,,86,4,,0,15,,85,4,,0,15,,84,4,,0,15,,83,4,,0,55,,82,4,,0,15,,81,4,,0,15,,80,4,,0,15,,79,4,,0,55,,78,4,,0,15,,77,4,,0,15,,76,4,,0,15,,75,4,,0,55,,74,4,,0,15,,73,4,,0,30,,72,4,,0,70,,71,4,,0,30,,70,4,,0,70,,69,4,,0,30,,68,4,,0,70,,67,4,,0,30,,66,4,,0
10000100,'225.0.6',657,,161,4,,0,70,,160,4,,0,30,,159,4,,0,70,,158,4,,0,30,,157,4,,0,70,,156,4,,0,30,,155,4,,0,70,,154,4,,0,30,,153,4,,0,70,,152,4,,0,30,,151,4,,0,70,,150,4,,0,30,,149,4,,0,70,,148,4,,0,30,,147,4,,0,70,,146,4,,0,30,,145,4,,0,70,,144,4,,0,30,,143,4,,0,70,,142,4,,0,30,,141,4,,0,70,,140,4,,0,30,,139,4,,0,70,,138,4,,0,30,,137,4,,0,70,,136,4,,0,30,,135,4,,0,70,,134,4,,0,30,,133,4,,0,70,,132,4,,0,30,,131,4,,0,70,,130,4,,0,30,,129,4,,0,70,,128,4,,0,30,,127,4,,0
10000100,'225.0.7',657,,196,4,,0,70,,195,4,,0,30,,194,4,,0,70,,193,4,,0,30,,192,4,,0,70,,191,4,,0,30,,190,4,,0,70,,189,4,,0,30,,188,4,,0,70,,187,4,,0,30,,186,4,,0,70,,185,4,,0,30,,184,4,,0,70,,183,4,,0,30,,182,4,,0,70,,181,4,,0,30,,180,4,,0,70,,179,4,,0,30,,178,4,,0,70,,177,4,,0,30,,176,4,,0,70,,175,4,,0,30,,174,4,,0,70,,173,4,,0,30,,172,4,,0,70,,171,4,,0,30,,170,4,,0,70,,169,4,,0,30,,168,4,,0,70,,167,4,,0,30,,166,4,,0,70,,165,4,,0,30,,164,4,,0,70,,163,4,,0,30,,162,4,,0
10000100,'225.0.8',757,,229,4,,0,70,,228,4,,0,30,,227,4,,0,70,,226,4,,0,30,,225,4,,0,70,,224,4,,0,30,,223,4,,0,70,,222,4,,0,30,,221,4,,0,70,,220,4,,0,30,,219,4,,0,70,,218,4,,0,30,,217,4,,0,70,,216,4,,0,30,,215,4,,0,70,,214,4,,0,30,,213,4,,0,70,,212,4,,0,30,,211,4,,0,70,,210,4,,0,30,,209,4,,0,70,,208,4,,0,30,,207,4,,0,70,,206,4,,0,30,,205,4,,0,70,,204,4,,0,30,,203,4,,0,70,,202,4,,0,30,,201,4,,0,70,,200,4,,0,30,,199,4,,0,70,,198,4,,0,30,,197,4,,0
10000101,'225.0.10',630,,290,,,0,70,,289,,,0,15,,288,,,0,15,,287,,,0,15,,286,,,0,55,,285,,,0,15,,284,,,0,15,,283,,,0,15,,282,,,0,55,,281,,,0,15,,280,,,0,15,,279,,,0,15,,278,,,0,55,,277,,,0,15,,276,,,0,15,,275,,,0,15,,274,,,0,55,,273,,,0,15,,272,,,0,15,,271,,,0,15,,270,,,0,55,,269,,,0,15,,268,,,0,15,,267,,,0,15,,266,,,0,55,,265,,,0,15,,264,,,0,15,,263,,,0,15,,262,,,0,55,,261,,,0,15,,260,,,0,15,,259,,,0,15,,258,,,0,55,,257,,,0,15,,256,,,0,15,,255,,,0,15,,254,,,0,55,,253,,,0,15,,252,,,0,15,,251,,,0,15,,250,,,0,55,,249,,,0,15,,248,,,0,15,,247,,,0,15,,246,,,0,55,,245,,,0,15,,244,,,0,15,,243,,,0,15,,242,,,0,55,,241,,,0,15,,240,,,0,15,,239,,,0,15,,238,,,0,55,,237,,,0,30,,236,,,0,70,,235,,,0,30,,234,,,0,70,,233,,,0,30,,232,,,0,70,,231,,,0,30,,230,,,0,70,,291,,,0,30,,292,,,0,70,,293,,,0,30,,294,,,0
10000101,'225.0.5',630,,355,,,0,70,,354,,,0,15,,353,,,0,15,,352,,,0,15,,351,,,0,55,,350,,,0,15,,349,,,0,15,,348,,,0,15,,347,,,0,55,,346,,,0,15,,345,,,0,15,,344,,,0,15,,343,,,0,55,,342,,,0,15,,341,,,0,15,,340,,,0,15,,339,,,0,55,,338,,,0,15,,337,,,0,15,,336,,,0,15,,335,,,0,55,,334,,,0,15,,333,,,0,15,,332,,,0,15,,331,,,0,55,,330,,,0,15,,329,,,0,15,,328,,,0,15,,327,,,0,55,,326,,,0,15,,325,,,0,15,,324,,,0,15,,323,,,0,55,,322,,,0,15,,321,,,0,15,,320,,,0,15,,319,,,0,55,,318,,,0,15,,317,,,0,15,,316,,,0,15,,315,,,0,55,,314,,,0,15,,313,,,0,15,,312,,,0,15,,311,,,0,55,,310,,,0,15,,309,,,0,15,,308,,,0,15,,307,,,0,55,,306,,,0,15,,305,,,0,15,,304,,,0,15,,303,,,0,55,,302,,,0,30,,301,,,0,70,,300,,,0,30,,299,,,0,70,,298,,,0,30,,297,,,0,70,,296,,,0,30,,295,,,0
10000101,'225.0.6',630,,390,,,0,70,,389,,,0,30,,388,,,0,70,,387,,,0,30,,386,,,0,70,,385,,,0,30,,384,,,0,70,,383,,,0,30,,382,,,0,70,,381,,,0,30,,380,,,0,70,,379,,,0,30,,378,,,0,70,,377,,,0,30,,376,,,0,70,,375,,,0,30,,374,,,0,70,,373,,,0,30,,372,,,0,70,,371,,,0,30,,370,,,0,70,,369,,,0,30,,368,,,0,70,,367,,,0,30,,366,,,0,70,,365,,,0,30,,364,,,0,70,,363,,,0,30,,362,,,0,70,,361,,,0,30,,360,,,0,70,,359,,,0,30,,358,,,0,70,,357,,,0,30,,356,,,0
10000101,'225.0.7',630,,425,,,0,70,,424,,,0,30,,423,,,0,70,,422,,,0,30,,421,,,0,70,,420,,,0,30,,419,,,0,70,,418,,,0,30,,417,,,0,70,,416,,,0,30,,415,,,0,70,,414,,,0,30,,413,,,0,70,,412,,,0,30,,411,,,0,70,,410,,,0,30,,409,,,0,70,,408,,,0,30,,407,,,0,70,,406,,,0,30,,405,,,0,70,,404,,,0,30,,403,,,0,70,,402,,,0,30,,401,,,0,70,,400,,,0,30,,399,,,0,70,,398,,,0,30,,397,,,0,70,,396,,,0,30,,395,,,0,70,,394,,,0,30,,393,,,0,70,,392,,,0,30,,391,,,0
10000101,'225.0.8',730,,458,,,0,70,,457,,,0,30,,456,,,0,70,,455,,,0,30,,454,,,0,70,,453,,,0,30,,452,,,0,70,,451,,,0,30,,450,,,0,70,,449,,,0,30,,448,,,0,70,,447,,,0,30,,446,,,0,70,,445,,,0,30,,444,,,0,70,,443,,,0,30,,442,,,0,70,,441,,,0,30,,440,,,0,70,,439,,,0,30,,438,,,0,70,,437,,,0,30,,436,,,0,70,,435,,,0,30,,434,,,0,70,,433,,,0,30,,432,,,0,70,,431,,,0,30,,430,,,0,70,,429,,,0,30,,428,,,0,70,,427,,,0,30,,426,,,0
